22222222222222222222222222222222222222222222222222
22222222222222222222222222222222222222222222222222
22222222222222222222222222222222222222222222222222
22222222222222222222222222222222222222222222222222
22222222222222222200000000000002222222222222222222
22222222222222222202222222222202222222222222222222
22222222222222222202222222222202222222222222222222
22222222222200000002222222222200000002222222222222
22222222222202222222222222222222222202222222222222
22222222222202222222222222222222222202222222222222
22222222222202222222222222222222222202222222222222
22222222222200000002222222222200000002222222222222
22222222222222222202222222222202222222222222222222
22222222222222222202222222222202222222222222222222
22222222222222222200000000000002222222222222222222
22222222222222222222222222222222222222222222222222
22222222222222222222222222222222222222222222222222
22222222222222222222222222222222222222222222222222
22222222222222222222222222222222222222222222222222
22222222222222222222222222222222222222222222222222

